%YAML:1.0
---
K1: !!opencv-matrix
   rows: 3
   cols: 3
   dt: d
   data: [3567.5829788039273, 0, 1176.4262923065778, 0, 3579.63821259875, 1044.5354639137995, 0, 0, 1]
D1: !!opencv-matrix
   rows: 1
   cols: 4
   dt: d
   data: [-0.06147011588013793, 0.10331749421947913, -0.0009179190711354972, -0.0006144273096780636]
K2: !!opencv-matrix
   rows: 3
   cols: 3
   dt: d
   data: [3551.13203201866, 0, 1174.1274873657392, 0, 3562.127123831942, 1024.5483497811783, 0, 0, 1]
D2: !!opencv-matrix
   rows: 1
   cols: 4
   dt: d
   data: [-0.06661622308985711, 0.17745977231583174, -0.0008756992526142487, 0.00031161913988806696]
R: !!opencv-matrix
   rows: 3
   cols: 3
   dt: d
   data: [0.9999481449871088, 0.0010136120945084843, 0.010133110448437486, -0.0009945267364291045, 0.9999977225672327, -0.0018883264857407238, -0.010135001401524051, 0.0018781509172823042, 0.999946875736767]
T: !!opencv-matrix
   rows: 3
   cols: 1
   dt: d
   data: [-0.06319326235707902, -0.0001112967038622075, -2.4908636327349556e-05]
